START 3 1

IMPORT tile-bricks.dat
IMPORT texture-colored.dat

BACKGROUND
# 0   1   2   3   4   5   6   7   8   9  10  11  12  13  14  15
#################################################################
017 018 018 017 017 017 017 017 017 017 017 017 017 017 017 017 #  0
017 017 017 017 017 017 017 018 017 017 017 017 017 018 018 017 #  1
018 017 017 017 017 017 017 017 017 017 017 017 017 017 018 017 #  2
018 017 017 017 017 017 017 017 017 017 017 017 017 017 017 017 #  3
017 017 017 017 017 017 017 017 017 017 017 017 017 017 017 017 #  4
017 017 017 017 017 017 017 017 017 017 018 017 017 017 017 017 #  5
017 017 017 017 017 017 017 017 017 017 017 017 017 017 017 017 #  6
017 017 017 017 017 017 017 017 017 017 017 017 017 017 017 017 #  7
017 017 017 017 017 017 017 017 017 017 017 017 017 017 017 017 #  8
017 017 017 017 017 017 017 017 017 017 017 017 017 017 017 017 #  9
017 017 017 017 017 018 017 017 017 017 017 017 017 017 018 017 # 10
017 017 017 017 017 017 017 017 017 017 017 017 017 017 017 017 # 11

FOREGROUND
# 0   1   2   3   4   5   6   7   8   9  10  11  12  13  14  15
#################################################################
005 000 000 011 008 001 001 008 008 008 008 008 008 008 008 001 #  0
010 000 000 000 000 011 005 000 000 000 000 000 000 000 000 006 #  1
000 000 000 000 000 000 014 000 000 000 000 000 000 000 000 006 #  2
000 000 000 000 000 000 000 000 000 000 000 000 000 000 000 006 #  3
009 000 000 000 000 000 000 000 000 000 002 000 000 000 000 006 #  4
005 000 000 000 000 000 000 000 000 000 000 000 000 000 000 006 #  5
005 000 000 000 000 000 000 000 000 000 000 000 000 000 000 006 #  6
005 000 000 000 000 000 000 000 000 000 000 000 000 000 000 006 #  7
005 000 000 000 000 000 000 000 000 000 000 000 000 000 000 006 #  8
005 000 000 000 016 000 000 000 000 000 000 000 000 000 000 006 #  9
005 000 000 012 005 000 000 000 000 000 000 000 000 000 000 006 # 10
001 007 007 001 001 007 007 007 007 007 007 007 007 007 007 001 # 11

BLOCKS
00 00 00 00 00 00 00 00 00 00 00 00 00 00 00 00
00 00 00 00 00 00 00 00 00 00 00 00 00 00 -1 00
00 00 00 00 00 00 00 00 00 00 00 00 00 00 -1 00
00 00 00 00 00 00 00 00 00 00 00 00 00 00 -1 00
00 00 00 00 00 00 00 00 00 00 00 00 00 00 -1 00
00 00 00 00 00 00 00 00 00 00 00 00 00 00 -1 00
00 00 00 00 00 00 00 00 00 00 00 00 00 00 -1 00
00 00 00 00 00 00 00 00 00 00 00 00 00 -1 -1 00
00 00 00 00 00 00 00 00 00 00 00 00 00 -1 -1 00
00 00 00 00 00 00 00 00 00 00 00 00 -1 -1 -1 00
00 00 00 00 00 00 00 00 00 00 00 -1 -1 -1 -1 00
00 00 00 00 00 00 00 00 00 00 00 00 00 00 00 00

EXIT UP 1
EXIT UP 2

ENEMY BLOCKER 0 1 0 -1
ENEMY BLOCKER 0 2 0 -1

ENEMY LEFTRIGHT 9 11 30 -1
ENEMY UPDOWN 3 12 30 -1
#ENEMY DIAGONAL 10 9 20 -1
